
[parameters]

[parameters.lmo_a]
1

[parameters.lmo_b]
3

[parameters.bridge_indices]

[parameters.bridge_indices[0]]
0

[parameters.bridge_indices[1]]
2

[parameters.bridge_indices[2]]
4

[parameters.bridge_indices[3]]
5

[parameters.H_key]
'H_eff_avg'

[parameters.E_ref]
None

[C_lmo]
shape=(44, 6); dtype=float64; order=C
0.11160937032199227	0.036308692745884871	-0.0037371065600517836	0.026764870200923448	0.42407963572886853	0.087738941342500584
0.053246113045758603	-0.35202400876537188	0.077425376469325888	0.056082059618673248	-0.047970425436238175	5.1676352068185326e-05
0.14790719084510023	-0.018480925777771003	-0.30163230223744547	-0.037063893291946585	0.11496738846629471	-0.13509793438773407
-2.3502857997678364e-05	-0.029010031114596966	-0.0096915179653052231	-0.027237947719595403	-0.59053520247640323	-0.052565383829245152
-0.064841225983156378	0.20656060528511141	0.10063789565750372	0.0012182758357986746	-0.02910101805698426	0.042789890129901503
-0.0059690382742154614	-0.028467172682755584	0.00024183659556062682	-0.017273091203424611	-0.29783520565620436	-0.05088821812108893
-0.064012937542856294	0.47019279219065147	-0.019108478416406068	-0.029994309792279752	0.036239777491170466	-0.013877250735198892
-0.10687508614161474	0.024593880152723006	-0.0061508843910401192	0.00060613079220676305	0.14788782145852686	0.038450251128755129
-0.01926980812891619	-0.50077205585940121	0.06778781976458724	0.033214810637178176	-0.050564802323328578	0.042220459726819801
-0.17255773129125276	0.0077172564142077918	0.0088317283133720805	0.0027336522893078282	0.15992773013039224	-0.012378517321418321
0.055971287924701782	-0.014927809209662081	-0.17212486949303091	-0.052926655167948145	0.060035926436162644	-0.029613989500711441
0.18074541536414046	-0.0047794439244771567	0.0057734481444051185	0.013461279894916089	0.052194741451329324	-0.0035905648455219472
0.33094926899202443	0.014755450884758445	-0.0016624339396225283	0.014109156201324129	0.13712618453480477	0.025976501023791489
-0.10547168573624609	-0.21950652044120797	0.096765877276428713	0.02681246468733511	-0.035623594738782058	0.043580358529224664
-0.17630736787948773	0.0041684942026872958	-0.016834345821082269	-0.016200468671212279	-0.15881414904585675	0.03768576242370017
-0.037173855349307575	-0.1802034708918942	-0.30450998224399189	-0.091657059860422233	0.11968412235787261	-0.040565776206567192
0.10633833472832406	-0.030496711002256656	0.031854558329626616	0.00091900609426826322	0.092352141552085473	-0.123882840301758
0.10729090707699318	0.1494185504560521	0.30704043947831278	0.0717354861002477	-0.14491839540470225	0.069611875290747818
0.0070536435010718759	-0.070157551963880946	0.37446314696554078	-0.02652634987607342	0.036108867033734157	0.082134111284309766
-0.29075072139606412	-0.034468972776169719	0.020483454276524853	-0.0062237505635896629	0.30344724635988268	-0.054671401736030009
-0.33646813588633107	0.038874239623879113	-0.034003452969993485	0.018382283703618649	-0.15345504206803945	0.16021456649121035
-0.0067586171283639546	-0.028057906721041026	-0.37375480206953338	-0.071297064100626209	-0.085418890118080529	-0.032291778036352678
0.29100215333347634	-0.0052047404302797478	-0.023278943713129933	-0.034268887109734962	0.052141733901713498	-0.30349171934642233
0.3361732142081873	0.019257027119486143	0.036387285304711817	0.040405896672060224	-0.1589261666645477	0.15438864232941008
-0.14764423471135343	-0.036310793589329315	0.29973545086279668	-0.018235993280179719	0.13681507638190613	-0.11846206604685763
1.5127309554262926e-05	-0.027428153254885033	0.014243862561948872	-0.027660333957849448	0.057078627273505211	0.59007974334701907
0.064153740842756699	0.0015620141597963663	-0.10068702411523919	0.20653402729160752	-0.04332662324988551	0.029823858592562778
-0.11169182596153322	0.026513611075740514	0.00080827468818421534	0.035021521629149482	-0.090859678937927763	-0.42354017415345707
-0.0523175391421234	0.05470767836033491	-0.076107650969792107	-0.35247373080227695	-0.00057995295926815201	0.049361981934243224
0.038093307775599876	-0.090936291110920178	0.30401933254598967	-0.17917615819944646	0.042260467231752565	-0.12212328704043822
-0.10616773875627697	0.00070315970902363827	-0.033529330470658113	-0.031192903863955044	0.12295058042167481	-0.092968719353941062
-0.10806688808803758	0.070628364771341393	-0.30594818637231147	0.14828276001816834	-0.071083690978405209	0.14762258944179954
-0.33099904912166728	0.013102078585154062	0.00067163861130666372	0.013386675778341722	-0.026889807500973077	-0.13707878072859947
0.17627536795639917	-0.015723435616453601	0.018472025827816603	0.0051845872454919272	-0.036389926788603359	0.1589877702623643
0.1060585415749687	0.026152094995255785	-0.095512213057911022	-0.2194397455236827	-0.044290283705038472	0.037253994746144867
0.17258267906682262	0.0033726150138065603	-0.010269187070184926	0.0078814489402197364	0.011053838892102983	-0.15989180426112337
0.020729218083411952	0.031612734441314128	-0.06557190299051821	-0.50087172632257271	-0.042688546483426328	0.052518738459633556
-0.18075168796761495	0.01288413810373024	-0.0062530012424832472	-0.0055224827239826807	0.0031870543764477674	-0.052216293788028084
-0.055724797249500573	-0.052521016852497944	0.17158883227973215	-0.014577203273882037	0.030694894175331461	-0.06167672118103848
0.0060285813451559393	-0.017351002318163996	0.0019080944576663963	-0.027785171052188397	0.05312068746612332	0.29749787042721948
0.062625508715774075	-0.028426227372108034	0.017330187328654233	0.47044394491707087	0.01400793446900409	-0.037490564869025356
0.10683180188233508	0.0010138653584209098	0.0051824238350477074	0.024650835018317586	-0.039525373827374283	-0.14766087878376999
0.05781437510372691	0.4658997543639451	0.14107121360948527	0.045645679577454329	-0.03667003299855455	-0.022127897514567684
-0.059448920849798637	0.046301469262207365	-0.14252939087920849	0.46522008071971427	0.021373053022399748	0.036672540355029849

[result]

[result.H_key]
'H_eff_avg'

[result.lmo_a]
1

[result.lmo_b]
3

[result.bridge_indices]

[result.bridge_indices[0]]
0

[result.bridge_indices[1]]
2

[result.bridge_indices[2]]
4

[result.bridge_indices[3]]
5

[result.E_ref]
0.012454215662357847

[result.t_bridge_sum_channels]
(-0.3587910423354319+0j)

[result.t_bridge_exact]
(-0.3587910423354321+0j)

[result.abs_t_bridge_exact]
0.3587910423354321

[result.channel_table]
	channel	epsilon_mu	denominator	V_a_mu	V_mu_b	t_mu	abs_t_mu	phase_t_mu	weight_LMO_0	weight_LMO_2	weight_LMO_4	weight_LMO_5
0	2	0.81734981402195384	-0.80489559835959601	(-0.5182756785903074+0j)	(-0.5155978774871124+0j)	(-0.33199565307471224-0j)	0.33199565307471224	-3.1415926535897931	1.816085492277697e-07	6.0732460801776328e-05	0.49655542933164987	0.5033836565989992
1	1	-1.16459774499362	1.1770519606559779	(-0.5014484287742939+0j)	(0.5057678570658922+0j)	(-0.2154675458073162+0j)	0.2154675458073162	3.1415926535897931	0.043154643863835995	0.54106681430170211	0.21306189640261222	0.20271664543184914
2	3	1.2787801498109446	-1.2663259341485866	(0.5091070795705332+0j)	(-0.512627404894582+0j)	(0.2060940504935431-0j)	0.2060940504935431	-0	0.04878280093684316	0.45886121676136477	0.24422081934069181	0.24813516296109983
3	0	-1.5102297786520742	1.5226839943144321	(-0.1609792167151016+0j)	(0.16479170171766877+0j)	(-0.017421893946946536+0j)	0.017421893946946536	3.1415926535897931	0.90806237359077124	1.123647613071471e-05	0.046161854925045979	0.045764535008051645
