
[root]
0

[C_lmo]
shape=(44, 6); dtype=float64; order=C
0.11160937032199227	0.036308692745884871	-0.0037371065600517836	0.026764870200923448	0.42407963572886853	0.087738941342500584
0.053246113045758603	-0.35202400876537188	0.077425376469325888	0.056082059618673248	-0.047970425436238175	5.1676352068185326e-05
0.14790719084510023	-0.018480925777771003	-0.30163230223744547	-0.037063893291946585	0.11496738846629471	-0.13509793438773407
-2.3502857997678364e-05	-0.029010031114596966	-0.0096915179653052231	-0.027237947719595403	-0.59053520247640323	-0.052565383829245152
-0.064841225983156378	0.20656060528511141	0.10063789565750372	0.0012182758357986746	-0.02910101805698426	0.042789890129901503
-0.0059690382742154614	-0.028467172682755584	0.00024183659556062682	-0.017273091203424611	-0.29783520565620436	-0.05088821812108893
-0.064012937542856294	0.47019279219065147	-0.019108478416406068	-0.029994309792279752	0.036239777491170466	-0.013877250735198892
-0.10687508614161474	0.024593880152723006	-0.0061508843910401192	0.00060613079220676305	0.14788782145852686	0.038450251128755129
-0.01926980812891619	-0.50077205585940121	0.06778781976458724	0.033214810637178176	-0.050564802323328578	0.042220459726819801
-0.17255773129125276	0.0077172564142077918	0.0088317283133720805	0.0027336522893078282	0.15992773013039224	-0.012378517321418321
0.055971287924701782	-0.014927809209662081	-0.17212486949303091	-0.052926655167948145	0.060035926436162644	-0.029613989500711441
0.18074541536414046	-0.0047794439244771567	0.0057734481444051185	0.013461279894916089	0.052194741451329324	-0.0035905648455219472
0.33094926899202443	0.014755450884758445	-0.0016624339396225283	0.014109156201324129	0.13712618453480477	0.025976501023791489
-0.10547168573624609	-0.21950652044120797	0.096765877276428713	0.02681246468733511	-0.035623594738782058	0.043580358529224664
-0.17630736787948773	0.0041684942026872958	-0.016834345821082269	-0.016200468671212279	-0.15881414904585675	0.03768576242370017
-0.037173855349307575	-0.1802034708918942	-0.30450998224399189	-0.091657059860422233	0.11968412235787261	-0.040565776206567192
0.10633833472832406	-0.030496711002256656	0.031854558329626616	0.00091900609426826322	0.092352141552085473	-0.123882840301758
0.10729090707699318	0.1494185504560521	0.30704043947831278	0.0717354861002477	-0.14491839540470225	0.069611875290747818
0.0070536435010718759	-0.070157551963880946	0.37446314696554078	-0.02652634987607342	0.036108867033734157	0.082134111284309766
-0.29075072139606412	-0.034468972776169719	0.020483454276524853	-0.0062237505635896629	0.30344724635988268	-0.054671401736030009
-0.33646813588633107	0.038874239623879113	-0.034003452969993485	0.018382283703618649	-0.15345504206803945	0.16021456649121035
-0.0067586171283639546	-0.028057906721041026	-0.37375480206953338	-0.071297064100626209	-0.085418890118080529	-0.032291778036352678
0.29100215333347634	-0.0052047404302797478	-0.023278943713129933	-0.034268887109734962	0.052141733901713498	-0.30349171934642233
0.3361732142081873	0.019257027119486143	0.036387285304711817	0.040405896672060224	-0.1589261666645477	0.15438864232941008
-0.14764423471135343	-0.036310793589329315	0.29973545086279668	-0.018235993280179719	0.13681507638190613	-0.11846206604685763
1.5127309554262926e-05	-0.027428153254885033	0.014243862561948872	-0.027660333957849448	0.057078627273505211	0.59007974334701907
0.064153740842756699	0.0015620141597963663	-0.10068702411523919	0.20653402729160752	-0.04332662324988551	0.029823858592562778
-0.11169182596153322	0.026513611075740514	0.00080827468818421534	0.035021521629149482	-0.090859678937927763	-0.42354017415345707
-0.0523175391421234	0.05470767836033491	-0.076107650969792107	-0.35247373080227695	-0.00057995295926815201	0.049361981934243224
0.038093307775599876	-0.090936291110920178	0.30401933254598967	-0.17917615819944646	0.042260467231752565	-0.12212328704043822
-0.10616773875627697	0.00070315970902363827	-0.033529330470658113	-0.031192903863955044	0.12295058042167481	-0.092968719353941062
-0.10806688808803758	0.070628364771341393	-0.30594818637231147	0.14828276001816834	-0.071083690978405209	0.14762258944179954
-0.33099904912166728	0.013102078585154062	0.00067163861130666372	0.013386675778341722	-0.026889807500973077	-0.13707878072859947
0.17627536795639917	-0.015723435616453601	0.018472025827816603	0.0051845872454919272	-0.036389926788603359	0.1589877702623643
0.1060585415749687	0.026152094995255785	-0.095512213057911022	-0.2194397455236827	-0.044290283705038472	0.037253994746144867
0.17258267906682262	0.0033726150138065603	-0.010269187070184926	0.0078814489402197364	0.011053838892102983	-0.15989180426112337
0.020729218083411952	0.031612734441314128	-0.06557190299051821	-0.50087172632257271	-0.042688546483426328	0.052518738459633556
-0.18075168796761495	0.01288413810373024	-0.0062530012424832472	-0.0055224827239826807	0.0031870543764477674	-0.052216293788028084
-0.055724797249500573	-0.052521016852497944	0.17158883227973215	-0.014577203273882037	0.030694894175331461	-0.06167672118103848
0.0060285813451559393	-0.017351002318163996	0.0019080944576663963	-0.027785171052188397	0.05312068746612332	0.29749787042721948
0.062625508715774075	-0.028426227372108034	0.017330187328654233	0.47044394491707087	0.01400793446900409	-0.037490564869025356
0.10683180188233508	0.0010138653584209098	0.0051824238350477074	0.024650835018317586	-0.039525373827374283	-0.14766087878376999
0.05781437510372691	0.4658997543639451	0.14107121360948527	0.045645679577454329	-0.03667003299855455	-0.022127897514567684
-0.059448920849798637	0.046301469262207365	-0.14252939087920849	0.46522008071971427	0.021373053022399748	0.036672540355029849

[options]

[options.site_groups]
None

[options.max_iter]
1000

[options.tol]
1e-06

[options.verbose]
True

[options.max_angle_deg]
45.0

[options.n_grid]
181

[selected_no_indices]

[selected_no_indices[0]]
0

[selected_no_indices[1]]
1

[selected_no_indices[2]]
2

[selected_no_indices[3]]
3

[selected_no_indices[4]]
4

[selected_no_indices[5]]
5

[C_no_part]
shape=(44, 6); dtype=float64; order=C
0.022071347583465704	-0.25167489453419412	-0.081051698084348353	-0.012384157741985221	0.22654650816090227	0.28314924300543753
0.10670506888806665	-0.15097529186130926	-0.16390853592199361	0.17771508697339281	-0.13563041509717713	-0.16484332487757383
0.14019664434167986	0.17896428213603419	-0.12360006317161011	0.14721622176994489	0.1347618808477378	0.19811396337438261
0.10549117373854275	0.31647072229716094	0.15666968662487879	0.00040649629478933319	-0.34696392297470696	-0.31138518448164421
-0.087160315936098104	0.0025333932320534031	0.15285395404199517	-0.16657688500052176	0.0297393421770362	-0.0088896186191562698
0.052681671248316492	0.16557614043044172	0.059717804610796975	0.0034655050082711865	-0.16626096142829383	-0.17614794350780624
-0.12288378104181967	0.1577899094105544	0.25138428639700089	-0.2629454136526978	0.18811294041010676	0.14223467444969345
-0.1358123007070636	-0.070055822142661359	-0.023200336923843871	0.0057020129703251651	0.07551650392031943	0.076080635582357031
0.045072285493549531	-0.19617702966034489	-0.25268332692898565	0.26434962580878874	-0.22421906014626905	-0.19147073627744277
-0.19016223951922617	-0.060766278201659779	-0.054483392367147339	0.015536470032944167	0.10871491733047617	0.027718809678351455
0.042669555239355117	0.093086040317753957	-0.073629262190429354	0.072759626196763502	0.03157319194360602	0.13441475801167027
0.16750119158587357	-0.047805753373095762	-0.014895708603861555	-0.01587307753344229	0.036820377575433272	0.058922440904134447
0.29052245282973438	-0.10558379468992118	-0.022499694229500315	-0.040286917878379881	0.077465923626668459	0.16044895894886699
-0.073139125230766183	-0.12635834102499405	-0.089279566279501787	0.096030240149574939	-0.11782420809498902	-0.1420115011188334
-0.1516497869837766	0.090045449507263745	0.062876335575557565	0.020021381266443795	-0.12372239562264231	-0.086731216943466638
-0.041292256371951754	0.11665116483240837	-0.22334602666139952	0.23450916896974305	0.0026683126362728664	0.17537029723884823
0.11086567725463653	-0.023066086670533732	-0.09528943322879159	-0.015343708180273558	0.12131215440311835	-0.016551055092618519
0.10913576504274662	-0.12885622351114906	0.21155379372631669	-0.23872662050656016	-0.053986461541290012	-0.1610270826717797
-0.0044996087421195667	-0.29020197791362234	-0.042227496123107791	-0.19498400020748752	-0.065190828121503591	-0.1601836254786779
-0.31624949537813557	-0.11716228239369554	-0.15156495541140005	0.043486988678923866	0.20375115739309788	0.033663938614739083
-0.32609853953278095	0.052666507285976209	0.14734302883678516	0.052220261055023698	-0.17070324392255978	-0.052371496264822945
0.0044996087421197541	0.29020197791362284	-0.04222749612310614	0.19498400020748766	-0.065190828121503883	0.16018362547868042
0.31624949537813657	0.11716228239369662	-0.15156495541139806	-0.043486988678923838	0.20375115739309763	-0.033663938614739639
0.32609853953278051	-0.052666507285976952	0.14734302883678582	-0.052220261055023719	-0.17070324392255962	0.052371496264821002
-0.14019664434167955	-0.17896428213603363	-0.12360006317161142	-0.14721622176994476	0.13476188084773819	-0.19811396337438336
-0.10549117373854322	-0.31647072229716211	0.15666968662487643	-0.00040649629478906605	-0.34696392297470713	0.31138518448164398
0.087160315936097521	-0.0025333932320540588	0.15285395404199531	0.16657688500052178	0.029739342177035794	0.008889618619157446
-0.022071347583465337	0.251674894534195	-0.081051698084346868	0.012384157741984897	0.22654650816090305	-0.28314924300543831
-0.10670506888806584	0.15097529186131023	-0.16390853592199323	-0.17771508697339294	-0.13563041509717783	0.16484332487757355
0.041292256371952551	-0.11665116483240794	-0.22334602666139927	-0.2345091689697433	0.0026683126362729982	-0.1753702972388492
-0.11086567725463667	0.023066086670534128	-0.095289433228791923	0.015343708180273448	0.12131215440311828	0.016551055092619629
-0.10913576504274762	0.12885622351114814	0.21155379372631641	0.23872662050656002	-0.053986461541290075	0.16102708267177915
-0.29052245282973421	0.10558379468992192	-0.022499694229500856	0.040286917878379756	0.077465923626668529	-0.16044895894886649
0.15164978698377682	-0.090045449507264022	0.062876335575557385	-0.02002138126644365	-0.12372239562264191	0.086731216943465556
0.073139125230766835	0.12635834102499482	-0.089279566279500996	-0.096030240149574897	-0.11782420809498888	0.14201150111883354
0.19016223951922651	0.060766278201659682	-0.054483392367146208	-0.015536470032944028	0.10871491733047556	-0.027718809678351521
-0.045072285493548851	0.1961770296603462	-0.25268332692898526	-0.26434962580878885	-0.22421906014626924	0.19147073627744265
-0.16750119158587362	0.047805753373096158	-0.014895708603861831	0.015873077533442012	0.036820377575433119	-0.058922440904134128
-0.042669555239354874	-0.093086040317754123	-0.073629262190429742	-0.072759626196763613	0.031573191943606194	-0.13441475801167171
-0.052681671248317054	-0.16557614043044233	0.059717804610795858	-0.0034655050082711253	-0.1662609614282938	0.17614794350780713
0.12288378104181852	-0.15778990941055565	0.25138428639700061	0.2629454136526978	0.18811294041010712	-0.14223467444969243
0.13581230070706354	0.070055822142661803	-0.0232003369238429	-0.0057020129703248476	0.075516503920318861	-0.076080635582357919
0.01799412110574853	0.068151246604481769	0.31781256062143909	-0.32846246569905524	0.17303537645926759	0.020542547322981813
-0.017994121105749879	-0.068151246604483559	0.3178125606214387	0.32846246569905568	0.17303537645926775	-0.020542547322980508

[no_in_lmo]
shape=(6, 6); dtype=float64; order=C
0.95876425961738809	-0.084270200445063462	-0.0020693778583496976	-0.12851325923363907	-0.00092234663365270593	0.23905822920448544
-0.11510165161108007	0.30394387238099757	0.6112640093012407	-0.56497900936269474	0.35734445213795507	0.27171622085769986
0.0082955529185644167	-0.58719917673636701	0.001025564237298715	-0.58788289798652071	-0.0060971684102281397	-0.55631266537105672
0.11821879686336101	-0.3076575834227504	0.6105473782666605	0.56428925302531185	0.35480175058539093	-0.27257362862910423
-0.1641059830738831	-0.48467513140719626	-0.35527423019773119	0.0095551796128277681	0.6083271813417398	0.49171760559854061
-0.16293382235138229	-0.47555295284228377	0.35687966750063604	0.012770939603893944	-0.61344981421681521	0.49341168413463549

[f_hist]

[f_hist[0]]
0.6985773197962117

[f_hist[1]]
0.8676129555184358

[f_hist[2]]
0.8756402901037309

[f_hist[3]]
0.875785960726923

[f_hist[4]]
0.87578668125254

[f_hist[5]]
0.87578668125254

[angle_hist]

[angle_hist[0]]
45.0

[angle_hist[1]]
40.00000000000001

[angle_hist[2]]
9.0

[angle_hist[3]]
1.0000000000000013

[angle_hist[4]]
0.5000000000000007

[angle_hist[5]]
0.0
